0.29511210000000077
0.2785107
0.2683906999999994
0.2691073000000017
0.22860199999999864
0.29189689999999935
0.30066039999999994
0.3582928999999986
0.3564708999999997
0.4271245999999991
0.38051569999999835
0.22880460000000014
0.3044576999999986
0.3347105999999993
0.3202797000000004
0.3179161000000015
0.3147632999999992
0.35587259999999965
0.21646670000000157
0.3809395999999996
1.1037409999999994
0.8245687999999998
0.8505073999999997
0.7515429999999999
0.7535127999999958
0.895474500000006
0.8793287000000003
0.7977115999999995
0.2045275999999987
0.23994409999999888
0.050703199999997395
0.19529320000000006
0.2544014000000008
0.2967183999999996
0.2825382000000012
0.4473932000000005
0.46095859999999966
0.40902360000000115
0.49690259999999853
0.49798840000000055
0.26034690000000005
0.12773769999999907
0.26142660000000006
0.030104899999999546
0.043828400000000656
0.04268509999999992
0.03994379999999964
0.027095800000001447
0.04588199999999887
0.03334369999999964
0.035559599999999136
0.03207259999999934
0.022643099999999805
0.054779299999999864
0.023984399999999795
0.02382989999999907
0.034328600000000264
0.05752730000000028
0.06390470000000015
0.04115189999999913
0.0550221999999998
0.029951599999998635
0.06095069999999936
0.06400679999999959
0.029694199999999782
0.052391899999999936
0.04717630000000028
0.2389203000000002
0.04172900000000013
0.08210169999999906
0.06175759999999997
0.04029049999999934
0.04028709999999869
0.03862020000000044
0.10890699999999942
0.18464919999999907
0.03758440000000007
0.2755163999999999
0.27299010000000123
0.2478119000000003
0.2653817000000007
0.3026739000000003
0.2909386999999999
0.25984219999999425
0.06303020000000004
0.07561950000000195
0.05613789999999952
0.04545550000000098
0.845122400000001
0.05135269999999892
0.053488599999999664
0.05132139999999907
0.05598530000000146
0.21623349999999952
0.06720499999999952
0.06679439999999914
0.19797649999999933
0.1854300000000002
0.23303210000000085
0.19444840000000063
0.2187449000000008
0.22892180000000018
0.22301349999999864
0.1715876999999999
0.20054569999999927
0.23119660000000053
0.19286500000000117
0.16169710000000137
0.2056028000000012
0.15499059999999965
0.12886639999999971
0.1454160999999985
0.13472919999999888
0.18463389999999968
0.13341209999999926
0.19569049999999955
0.1695057000000002
0.23165939999999985
0.18097049999999903
0.2105397
0.26076059999999934
0.18627380000000038
0.19469690000000028
0.225931000000001
0.24016400000000004
0.2682833000000002
0.27208060000000067
0.2193069999999988
0.23098929999999918
0.23012300000000074
0.2655049999999992
0.19793510000000047
0.2684152000000015
0.2642319999999998
0.22944919999999946
0.23748930000000001
0.2387921999999989
0.2943195000000003
0.28049519999999895
0.2936733999999994
0.22038019999999925
0.2920025000000006
0.2624215999999997
0.20093280000000036
0.23333640000000067
0.23379749999999966
0.23229959999999927
0.3331527000000012
0.2310376999999999
0.1896956000000003
0.2509325000000011
0.19725649999999817
0.23563920000000138
0.17097619999999836
0.18399649999999923
0.2212178999999992
0.20308820000000338
0.18524690000000277
0.17040730000000082
0.19412759999999807
0.20593840000000085
0.21680220000000006
0.1871760000000009
0.05543029999999938
0.05353700000000039
0.030036500000000466
0.0430647000000004
0.04259259999999987
0.03654370000000107
0.03534080000000017
0.04341840000000019
0.0408091000000006
0.03339300000000023
0.0441325999999993
0.032433900000000904
0.04342510000000033
0.03321649999999998
0.034416900000000084
0.042902200000000335
0.04325379999999868
0.043056200000000544
0.030897899999999368
0.04345990000000022
0.04282550000000107
0.031217899999999688
0.04042829999999853
0.04330169999999889
0.042965599999998716
0.0427736000000003
0.04182759999999952
0.04278129999999969
0.041540699999998765
0.03449690000000061
0.037307399999999546
0.041696899999999815
0.04350900000000024
0.04196050000000007
0.030194200000000393
0.040524700000000635
0.03263810000000156
0.04172290000000167
0.022282200000000252
0.013054099999999735
0.013057899999999734
0.013241899999999696
0.012325999999999837
0.012570500000000706
0.013044200000000394
0.013231799999999794
0.013278399999999024
0.013646200000000164
0.01311240000000069
0.012996700000000416
0.013293799999999578
0.01269890000000018
0.012721100000000263
0.012365299999999024
0.013601799999999997
0.01251820000000059
0.01273169999999979
0.012544600000000017
0.012537099999999413
0.012880799999999581
0.012913100000000455
0.012568899999999772
0.012290999999999386
0.013070000000000803
0.012350699999998938
0.013840099999999467
0.013265099999999919
0.012279200000000046
0.012522799999999279
0.012645899999998989
0.012673600000001173
0.012726400000000027
0.01257049999999893
0.01277270000000108
0.010098799999999741
0.012210500000000124
0.018644000000000105
0.012787600000000232
0.012284300000000137
0.012655299999999592
0.012537200000000581
0.013088300000000608
0.012275599999998832
0.012851599999999408
0.012484800000001073
0.012762900000000243
0.01248399999999883
0.012305599999999473
0.012224099999999183
0.012376500000000235
0.012631000000000725
0.012699700000000647
0.01254800000000067
0.011808400000001384
0.012455400000000338
0.012179899999999577
0.012167800000000284
0.012760800000000572
0.012130300000000815
0.012440100000000953
0.012848299999999924
0.012897999999999854
0.01202060000000138
0.012875299999999257
0.012189400000000461
0.012321200000000587
0.012302899999999894
0.012055600000000055
0.012718500000000077
0.012380900000000139
0.01267810000000047
0.01277860000000075
0.012763400000000757
0.012698699999999619
0.019091000000000413
0.013488599999999629
0.012685900000000139
0.01315389999999983
0.013343300000000724
0.012578299999999487
0.012616400000000638
0.013134400000000213
0.012913600000000969
0.013061900000000293
0.012786399999999531
0.013068699999999822
0.028087900000000943
0.012876500000000846
0.012760500000000619
0.012968600000000663
0.012813400000000641
0.013027499999999748
0.012920199999999937
0.012823900000000776
0.012529600000000585
0.012512700000000265
0.012810200000000549
0.012710700000001296
0.01275639999999889
0.013030399999999887
0.013011300000000503
0.01240410000000125
0.012736900000000162
0.012888999999999484
0.012714700000000079
0.012551499999998939
0.012607300000000876
0.012568099999999305
0.013567200000000668
0.012943099999999319
0.01269190000000009
0.012683299999999065
0.017484400000000733
0.01201240000000059
0.012094499999999897
0.012281500000000278
0.012102099999999893
0.012773900000000005
0.013287799999999628
0.02585480000000029
0.011975099999999905
0.012246400000000435
0.01149159999999938
0.012477900000000375
0.01179079999999999
0.01213939999999969
0.011960500000000707
0.032474599999999576
0.012263100000000193
0.009484200000000165
0.012061700000001174
0.012203099999998912
0.012385500000000604
0.012942699999999974
0.012986700000000795
0.015520199999999207
0.01261060000000036
0.011281600000000225
0.0118860999999999
0.011614700000000866
0.012485899999999717
0.011759500000000145
0.017398000000000025
0.012699599999999478
0.012578899999999393
0.012108400000000685
0.012179599999999624
0.012375699999999767
0.011537499999999312
0.012682299999999813
0.018432100000000062
0.012738900000000442
0.012639000000000067
0.012041899999999828
0.012014599999998765
0.012203700000000595
0.0128674999999987
0.0248431999999994
0.013017099999999004
0.013342700000000818
0.012918700000000172
0.011956400000000755
0.012328400000001238
0.014062200000001468
0.012149700000000152
0.03038739999999862
0.011969200000001123
0.012325299999998762
0.012151199999999918
0.012811899999999099
0.01239290000000004
0.012048699999999357
0.009699200000000019
0.016322000000000614
0.012195900000000037
0.013111499999999054
0.012565099999999774
0.012454600000001648
0.011991500000000599
0.012869700000001316
0.018758899999999912
0.01228670000000065
0.012398499999999757
0.012169400000001218
0.012346400000000202
0.011888299999998964
0.012705600000000317
0.012013699999998906
0.018403999999998533
0.011886399999999853
0.012186599999999714
0.011753700000001643
0.012168799999999536
0.011989999999999057
0.01229649999999971
0.023111300000000057
0.011942100000000622
0.012002700000000033
0.012510999999999939
0.011607999999998952
0.01222120000000082
0.012375699999999767
0.011841400000001556
0.030982200000000404
0.014564000000000021
0.012090999999999852
0.011856700000000941
0.011811999999999045
0.011324600000000018
0.01163400000000081
0.011719100000000537
0.015251700000000312
0.01210490000000064
0.011554200000000847
0.011382100000000506
0.012134100000000814
0.011887500000000273
0.01165759999999949
0.015132099999998871
0.011974100000001542
0.01217209999999902
0.011747700000000805
0.011909700000000356
0.011771500000000046
0.011939599999999828
0.01238479999999953
0.01738419999999863
0.011497500000000827
0.011703300000000638
0.012925899999999046
0.012458699999999823
0.012510699999999986
0.013344000000000023
0.023615899999999357
0.012357699999999028
0.01137950000000032
0.012129299999998011
0.011648899999997298
0.01169750000000036
0.012890999999999764
0.01250920000000022
0.03195309999999907
0.012154699999999963
0.011888700000000085
0.012260399999998839
0.011599000000000359
0.012217200000002038
0.011959799999999632
0.012315000000000964
0.016060399999997088
0.018164200000001074
0.012000900000000314
0.012542599999999737
0.012752099999996602
0.012495300000001208
0.011963699999999022
0.017061999999999244
0.011689499999999242
0.012357299999997906
0.012160000000001503
0.011863500000000471
0.011701699999999704
0.011787300000001721
0.011860800000000893
0.017868899999999854
0.011610300000000962
0.011573799999998968
0.011615599999998949
0.011803299999998629
0.011772399999999905
0.012421999999999045
0.17414789999999947
0.012125400000000397
0.01165339999999837
0.011839000000000155
0.01270700000000069
0.011807100000000403
0.011834499999999082
0.011745200000000011
0.03145939999999925
0.011883599999999106
0.011773599999999718
0.011658599999998742
0.011834000000000344
0.012202000000000268
0.011647399999999308
0.011777099999999763
0.015837400000000557
0.011704399999999282
0.011810000000000542
0.011895599999999007
0.011725299999998384
0.01184839999999987
0.011882100000001117
0.016230699999999487
0.011425199999999691
0.012087800000001536
0.011664899999999534
0.011825799999998665
0.012549500000000435
0.012231099999999273
0.011897700000000455
1.5338532000000011
19.4396907
23.343140500000004
21.999538400000002
21.2844138
21.1890877
21.468353999999998
21.4722918
21.5386935
19.600410099999998
21.518671500000004
21.370393199999995
21.162883899999997
21.457618
21.81348
21.1380418
21.370910099999996
20.59124750000001
27.399615999999998
27.5609873
27.981111499999997
25.9493105
26.214309999999998
27.485516399999998
18.9675355
21.312424999999998
21.6674146
21.6212237
21.845980400000002
20.5293553
20.4084125
19.8556782
18.971289900000002
19.0410732
29.781876399999998
21.007868000000002
27.278129800000002
25.711684000000005
24.441102100000002
19.162472299999997
33.9463103
34.390678799999996
11.542751899999999
0.12439480000000103
